.Random.seed <-
c(403L, 1L, 416132898L, -646840044L, -735858281L, 1333424525L, 
-2075084636L, -908209526L, -925398795L, -1689026737L, -1794889642L, 
-37498112L, 1877870147L, -1895391775L, 169830736L, 2143248302L, 
-228862631L, -1302776981L, 1735914202L, 410526620L, 1230479263L, 
-724392459L, 967411852L, 312314210L, 1272382781L, -142785097L, 
1245418078L, 1367634840L, -424699141L, 1174180505L, -1781015768L, 
1379469782L, -1085147567L, 1762227459L, 1477896338L, 239328804L, 
849559783L, 144872765L, -1903414860L, -973173222L, 281472357L, 
-123530241L, -89771386L, 38384144L, -125155149L, 1612989265L, 
444280576L, 1745223134L, 245417513L, 2108026331L, -217533718L, 
342007948L, -1795829809L, 245237637L, 762356796L, 134366482L, 
176378381L, 192620871L, 1339833134L, -1137224056L, -730570869L, 
893652841L, 154272056L, 571128806L, -1895158911L, -103447789L, 
1539255490L, -1227520140L, 900606839L, -1663538067L, 1151271684L, 
-1529587158L, 1834170261L, -1680606161L, -1931848394L, -435397280L, 
-689005661L, -1218396991L, 185040048L, 346315726L, -23642311L, 
-2140381365L, 491220218L, 760051196L, -972888513L, -156907L, 
1902508076L, 96758018L, -681229859L, -1743281961L, -704500802L, 
1288969720L, 1775815131L, -1248540615L, 1943892360L, -23782090L, 
-1122474127L, -1624336989L, -1933047566L, 295695428L, -1459065081L, 
-1544282403L, 1591549908L, -962244870L, -1954966971L, -1894645089L, 
2062905382L, -389770064L, -718097069L, 784134257L, -511881824L, 
1299824958L, 793292873L, 1953887483L, -41968438L, -619863508L, 
1890539055L, -432564507L, -657220708L, 2103143922L, 113621101L, 
-1988865625L, 1964827598L, -29456088L, 1493957419L, -891889335L, 
1376718424L, 242351878L, -1117410591L, 943627891L, -699873566L, 
1229093460L, 1501397847L, -851810483L, 809138916L, -1889058102L, 
985029429L, -988458609L, 1183999638L, -87603648L, -366297341L, 
-985499871L, 1455628304L, 1642936302L, 1123973017L, 388452395L, 
-1414585062L, -388143140L, -1300567585L, 405007797L, -602784948L, 
-310683230L, -175630083L, -1554807305L, 252511006L, -882983464L, 
183818043L, -982368039L, -1544106904L, 692646294L, 438432017L, 
-578198845L, -272246062L, 1213885284L, 1443798695L, -1512536067L, 
-2113191436L, -1197052198L, 74141733L, 745348415L, 940012230L, 
173514576L, -2130837645L, 686391697L, 853627840L, -458607202L, 
-2051405975L, -1526758501L, 1646783146L, -636828468L, 61734287L, 
663411141L, -358048388L, 1218356690L, -1018289843L, 1571677191L, 
1869747182L, 497302216L, 693007819L, -754110423L, -830646664L, 
-477858906L, 1688393153L, -270241197L, 1359051010L, -1877577676L, 
-969373257L, -1329242707L, 457881284L, -269116694L, -1008214699L, 
-810872081L, 930312438L, 1316884512L, 1578824163L, 1342640769L, 
-104334096L, 347419534L, 706776313L, 1884763787L, 2093926074L, 
-105461316L, 2081929983L, -1567588779L, -1405482644L, -1077667390L, 
806031901L, 2131921559L, 1369097214L, -1521082440L, -2023124069L, 
1093384697L, 1000917320L, -1248693130L, -1872354895L, -648933405L, 
1576209586L, 1750286596L, -1304712633L, -540658960L, -946847164L, 
918681176L, 1874747194L, 2138553328L, -167670084L, 562408724L, 
-66105150L, 784704608L, -1377504900L, -126591024L, -2050184926L, 
-1907687768L, 1510179724L, 14640316L, -834779342L, -362352064L, 
246615220L, -786504632L, -1328209478L, -525677040L, 163883244L, 
-595746476L, -252502254L, -250686048L, 1506372300L, 1459463776L, 
1192943554L, 1567357736L, 2079053228L, 1776286012L, 794781554L, 
-2058102480L, 1835159332L, -1936331464L, 2039753434L, 1744430992L, 
-597740804L, -1278234732L, -2018846654L, 1715682560L, 1396372540L, 
998872400L, 1019955362L, -1719044280L, 693538572L, -1462637860L, 
1625250642L, 1729241728L, 394283092L, 111285224L, 779446010L, 
-979922608L, 1682565932L, -314945676L, 750463890L, -2123850144L, 
-663715956L, 510255968L, 283770850L, -500097112L, 999204044L, 
1435405820L, -215784526L, -217280016L, -1766247996L, -542924456L, 
-960068230L, -130391632L, -157798468L, -896319404L, -607026238L, 
935238688L, -354804548L, 1696645712L, -215169054L, -1666339224L, 
1303263820L, 1381638396L, -937406478L, -1774971648L, 842076020L, 
476401672L, -1781051974L, -275872304L, 1782447084L, 609439636L, 
-627743790L, 1722349408L, 240782668L, -1551827680L, -1480531070L, 
-175160600L, -914447124L, 505229884L, -931835022L, 1906797168L, 
1857044516L, 1237094200L, -12798822L, -1605805360L, -508704580L, 
614086292L, -1321185662L, -2112049984L, -386367172L, 1593530512L, 
1561489954L, 970616328L, 1525967116L, -1066648932L, 772961810L, 
1292207488L, -1240578540L, -1957986776L, -1306102470L, 522184656L, 
1406509676L, -951562444L, -1483289966L, -996628128L, -499951284L, 
-83116064L, -1536022622L, -1292193880L, 1422152588L, 765802172L, 
1412324210L, 657438960L, 1419046980L, -1817547432L, -306551750L, 
-1558963344L, -1536775108L, -619039980L, -787455550L, -462274336L, 
-1520990340L, 1389676240L, -2036115806L, -1531581400L, 476344588L, 
-1650459716L, 1618894130L, 1471502272L, -851951052L, 1244036040L, 
1087333562L, 74715024L, -1421066772L, 1111613524L, -1430778222L, 
-1525517536L, -1796418100L, -1966720032L, -2095174974L, 1789995560L, 
1153762988L, -1537234244L, -769082894L, 1629645104L, 1486314660L, 
-1729344840L, -683117734L, 337941904L, -4013700L, -447613676L, 
1296707906L, -686671104L, 1587010492L, 1066820432L, 458873122L, 
-628949688L, -2063398900L, 1451884636L, -1403835182L, -1655224320L, 
-477693100L, -293279256L, 1049370618L, 1528618704L, 1669461292L, 
1785221364L, 721713042L, -2086396832L, 801369356L, -1968800032L, 
-1736745630L, 1238938280L, -777721268L, -662943876L, -1585480910L, 
-754407824L, -1301689020L, 1164532696L, -159244166L, -466045392L, 
-1800842564L, 488744788L, -2073079230L, -899263584L, 835236028L, 
-351221296L, 938423650L, 1176386536L, 1680654284L, -260139268L, 
1303994354L, -109515648L, -187434764L, -1412557688L, -130226886L, 
1321116496L, -659125140L, -1760948076L, 557463890L, -470841632L, 
-900988724L, 1956196512L, 346337666L, -304910104L, -175382292L, 
1020215356L, -1562754958L, -482826128L, 990468644L, 110838328L, 
-349590025L, 862208256L, 1792528222L, -520087509L, 10475309L, 
143285146L, 400193880L, 1507278017L, 93399923L, 971098260L, -713921246L, 
230362167L, -2099198719L, -972462074L, 1006935620L, 904423285L, 
-531825953L, -653507016L, -901523946L, 1045662243L, -1881266715L, 
-866288638L, -87515536L, 1535626265L, -1819480565L, -1170363140L, 
1406746922L, -74999969L, 866014953L, -1599302146L, 1880599020L, 
-737898179L, -125402873L, -974941968L, -1742148466L, -692451653L, 
1214666397L, 717025866L, -1217892248L, 2120761425L, 142783299L, 
-1723263420L, 336766194L, -1750204217L, -1444588911L, -637441002L, 
-1316129164L, -435023611L, 1591291727L, -342595256L, 2074686694L, 
-292935149L, -1710379659L, -487304878L, -1927317088L, -304467831L, 
-1753966405L, 1725780748L, 445084314L, -342894577L, -1520550823L, 
-1639837458L, 2008601468L, 1828585453L, -179816297L, 625828704L, 
-102857922L, 1352109067L, -1429443443L, 358690234L, -1494645768L, 
523460513L, 2135275859L, 1688500340L, 1109674498L, 1811621015L, 
-1234336159L, -245952858L, 2013869732L, 1647027029L, -1209024513L, 
-995336552L, 80552886L, 207398979L, -2044059259L, -357457374L, 
2080721168L, 572930233L, 1551932779L, -560413604L, -90019446L, 
1211104639L, -602935095L, 659375454L, 286094860L, 1993402845L, 
1747908839L, -175375088L, 1631458350L, 196627163L, -943793219L, 
1821857066L, 22956488L, 1348818673L, -187565981L, 1437351012L, 
1226141586L, -1114250137L, 988294193L, -584567434L, -1387834732L, 
-1089965915L, 765617583L, 1677270632L, -617978298L, 256041971L, 
297780053L, -1237193422L, -981737216L, 804346345L, -85210021L, 
2029840044L, -1972940614L, 1992796783L, -850593799L, -1843579250L, 
1432827740L, -1032516659L, 1340058423L, -1063538240L, -1806498146L, 
206081899L, -1851517203L, 673629018L, -982835176L, 2039942529L, 
-9020621L, 1339672916L, 1339095906L, 781359095L, -1543792575L, 
-817279802L, -1999738364L, -251206219L, 768539295L, 1577474808L, 
373780182L, -1523991709L, 1374466853L, 1004388546L, 82562480L, 
